1. 전처리
1-1. 데이터
제공된 데이터 중 팀타자, 팀투수의 정보 중 팀투수의 자책점(er), 승률(wls)데이터와 팀타자 정보의 ba데이터 이상치와 결측치를 확인하였다. 이상치와 결측치가 없는 것을 확인하고 평균자책점, 승률, 타율을 산출했다. 

1-2. 평활화 
데이터의 평활화를 위해 평균자책점과 승률, 타율 데이터를 이동평균하여 평활화 하였다. 

2. 모델링
2-1. ARIMA 
R의 tseries패키지의 auto.arima를 이용하여 차수를 구하였다. 이때 auto.arima는 최선의 arima차수를 추천해주어서 이용하였다. 구한 차수를 python의 statsmodels 패키지의 arima모델을 이용하여 예측값을 구하고 시각화하였다. 이 중 차수가 0,1,0인 팀의 승률, 평균자책점, 타율은 arima모델이 아닌 차수를 구하여 예측하는 모델이 됨으로 auto.arima의 p,d,q를 적용하여 가장 aic값이 작은 차수를 구하여 모델에 재적용하였다. 

2-2 추가데이터 
원하는 팀별 승률, 평균자책점, 타율을 구하기 위해서 크롤링을 시행하려고 했지만 구조가 애매하여 수작업으로 진행하였다. naver sports의 자책 수, 타수 및 타점, 팀의 경기별 승패를 7월 19일 이후의 자료를 수집하였다. 

2-3 Remodeling 
추가데이터를 적용하여 다시 auto.arima와 p,q,d를 이용한 aic값의 최소값을 찾아서 arima모델에 적용하여 리모델링 작업을 시행했다. 시행하고 10월 18일까지 잔여경기를 고려하여 예측값을 냈다. 

3. 사후평가 
arima모델은 데이터의 비정상성을 만족해야하고 자기회귀와 이동평균을 이용하기에 예측값이 선형성을 띌 수 밖에 없었다. 그리고 데이터가 평활해야 예측의 수월성이 생기기에 데이터를 이동평균 해야하는 프로세스가 추가되는 단점이 있었다.   

[예측값]
잔여경기 수
한화 10 
기아 12 
KT 9
LG 7 
OB 12
SK 9
WO 9

타율
한화 
112  0.230051
113  0.237423
114  0.233488
115  0.235576
116  0.234457
117  0.235047
118  0.234727
119  0.234892
120  0.234799
121  0.234843

기아 
109  0.286989
110  0.285649
111  0.283947
112  0.282368
113  0.280903
114  0.279544
115  0.278282
116  0.277111
117  0.276025
118  0.275017
119  0.274081
120  0.273213

KT
111  0.287613
112  0.288108
113  0.288326
114  0.288463
115  0.288532
116  0.288571
117  0.288592
118  0.288604
119  0.288610

LG
113  0.272637
114  0.274004
115  0.275347
116  0.276423
117  0.277207
118  0.277746
119  0.278103

롯데 
110  0.264672
111  0.263119
112  0.260621
113  0.263019
114  0.265325
115  0.267327
116  0.268886
117  0.269935
118  0.270468


NC 
110  0.283605
111  0.283224
112  0.282855
113  0.282498
114  0.282154
115  0.281821
116  0.281499

두산 
112  0.259467
113  0.263392
114  0.268439
115  0.273813
116  0.277620
117  0.280081
118  0.281671
119  0.282698
120  0.283362
121  0.283791
122  0.284069
123  0.284248

SK 
114  0.219258
115  0.218620
116  0.218825
117  0.219158
118  0.219373
119  0.219460
120  0.219473
121  0.219460
122  0.219447

삼성 
112  0.292387
113  0.295782
114  0.299184
115  0.302594
116  0.306011
117  0.309434
118  0.312865
119  0.316302
120  0.319745
121  0.323194
122  0.326649

키움
117  0.250726
118  0.252510
119  0.254042
120  0.255702
121  0.258116
122  0.260001
123  0.262158
124  0.264667
125  0.266512

평균자책점 
한화
110  4.168585
111  4.116964
112  4.067313
113  4.019792
114  3.974548
115  3.931715
116  3.891412
117  3.853743
118  3.818799
119  3.786654

기아
109  4.330714
110  4.674135
111  4.397421
112  4.620385
113  4.440730
114  4.585489
115  4.468848
116  4.562832
117  4.487104
118  4.548123
119  4.498956
120  4.538572

KT
112  3.875421
113  3.809631
114  3.766659
115  3.670642
116  3.856234
117  3.840842
118  3.836983
119  3.805084
120  3.709103

LG
113  4.774576
114  4.698293
115  4.636097
116  4.585980
117  4.545595
118  4.513053
119  4.486832

롯데
110  4.847453
111  4.809163
112  4.773873
113  4.741349
114  4.711374
115  4.683748
116  4.658287
117  4.634821
118  4.613195

NC
110  3.933432
111  3.898275
112  3.877997
113  3.866998
114  3.860772
115  3.857351
116  3.855432

두산
112  4.246179
113  4.185770
114  4.125197
115  4.123841
116  4.165354
117  4.196275
118  4.189478
119  4.162880
120  4.148446
121  4.156683
122  4.172755
123  4.178580

SK
114  5.956982
115  5.956982
116  5.956982
117  5.956982
118  5.956982
119  5.956982
120  5.956982
121  5.956982
122  5.956982

삼성
111  6.036718
112  5.958781
113  5.813561
114  5.688741
115  5.643319
116  5.554905
117  5.438527
118  5.400473
119  5.360173
120  5.262579
121  5.216741

키움
117  5.194384
118  5.141680
119  5.090896
120  5.041965
121  4.994817
122  4.949388
123  4.905616
124  4.863439
125  4.822801

승률
한화
110  0.286332
111  0.300901
112  0.304992
113  0.301925
114  0.309193
115  0.314113
116  0.314029
117  0.318142
118  0.322412
119  0.323835

기아
109  0.669300
110  0.682648
111  0.682595
112  0.671375
113  0.669841
114  0.679050
115  0.681634
116  0.674263
117  0.671055
118  0.676795
119  0.680297
120  0.675969

KT
112  0.731450
113  0.739907
114  0.719804
115  0.707352
116  0.702117
117  0.705853
118  0.726253
119  0.731611
120  0.730896

LG
113  0.596592
114  0.598490
115  0.600457
116  0.601947
117  0.603075
118  0.603931
119  0.604579

롯데
110  0.434011
111  0.417183
112  0.419772
113  0.427759
114  0.435342
115  0.442542
116  0.449377
117  0.455867
118  0.462028

NC
110  0.562
111  0.562
112  0.562
113  0.562
114  0.562
115  0.562
116  0.562

두산
112  0.469447
113  0.494425
114  0.501232
115  0.519926
116  0.530825
117  0.521045
118  0.518503
119  0.516900
120  0.502430
121  0.495881
122  0.497079
123  0.490883

SK
114  0.330332
115  0.327959
116  0.325850
117  0.323975
118  0.322307
119  0.320824
120  0.319506
121  0.318334
122  0.317292

삼성
111  0.385696
112  0.382420
113  0.379171
114  0.375950
115  0.372757
116  0.369591
117  0.366451
118  0.363338
119  0.360252
120  0.357192
121  0.354158

키움
117  0.480210
118  0.488853
119  0.496965
120  0.504579
121  0.511725
122  0.518432
123  0.524726
124  0.530634
125  0.536178